+2348012345678
+2348023456789
+2348034567890
+2348045678901
+2348056789012
+2348056789012
+2348056789012
+2348056789012
+2348056789012
+2348056789012
+2348056789012
+2348056789012
+2348056789012
+2348056789012
+2348056789012
+2348056789012
+2348056789012
+2348056789012
+2348056789012
+2348056789012
+2348056789012
+2348056789012
+2348056789012
+2348056789012
+2348056789012
+2348056789012
+2348056789012
+2348056789012
+2348056789012
+2348056789012
+2348056789012
+2348056789012
+2348056789012
+2348056789012
+2348056789012
+2348056789012
+2348056789012
+2348056789012
+2348056789012
+2348056789012
+2348056789012
+2348056789012
+2348056789012
+2348056789012
+2348056789012
+2348056789012
+2348056789012
+2348056789012
+2348056789012
+2348056789012
+2348056789012
+2348056789012
+2348056789012
+2348056789012
+2348056789012
+2348056789012
+2348056789012
+2348056789012
+2348056789012
+2348056789012
+2348056789012
+2348056789012
+2348056789012
+2348056789012
+2348056789012
+2348056789012
+2348056789012
+2348056789012
+2348056789012
+2348056789012
+2348056789012
+2348056789012
+2348056789012
+2348056789012
+2348056789012
+2348056789012
+2348056789012
+2348056789012
+2348056789012
+2348056789012
+2348056789012
+2348056789012
+2348056789012
+2348056789012
